#Res	T1 (s)			T1_err (s)		T2 (ms)			T2_err (ms)		hetNOE		hetNOE_err
3	1.99848191620375	0.000976383282039972	22.1579644678867	0.975771053217997	0.514545595	0.017856476
5	2.24024491927969	0.0411315762864297	24.0924534022173	1.13626815935440	0.6141808035	0.149792031
7	2.46204371812164	0.0156385996825801	25.5346427099918	0.554412586861098	0.594328047	0.158883524
9	2.62364368987000	0.0112202598988698	21.8969976158485	4.88045670049320	0.9482795845	0.132216075
10	2.95214146638942	0.15148568054757	23.5436356719940	4.22860812380410	0.869897125	0.376690558
13	3.14551907695779	0.32319562854701	20.4062295093603	0.806024291001602	0.695591681	0.110371098
14	2.48537345270696	0.10927176720594	22.3950493699682	3.21107749012520	0.7940674875	0.124721539
16	2.65839157395571	0.0933941257074298	19.3135148150001	4.70092301448040	0.677653216	0.012733446
17	2.64942294343080	0.26263411286681	20.3084446801244	0.74398843306950	0.747585331	0.206537392
18	2.58834046791536	0.00827859290241983	19.7490661086556	3.99049995980150	0.6845084665	0.170568431
21	1.73547856981817	0.0227315968124899	25.4486284749184	4.68987214145580	0.3386964945	0.163439057
